13521609277
13521622377
13521713277
13521716377
13521792377
13521933277
13521936300
13671261133
13581651200
13522312733
13522310377
13522368733
13522389377
13522391833
13522396077
13522502933
13522509733
13522511977
13522512377
13522512933
13522513733
13522515977
13522516377
13522517133
13522518677
13522523177
13522523633
13522523733
13522533977
13522536077
13522536133
13522539277
13522563077
13522566733
13522567833
13522560377
13522560533
13522560977
13522571277
13522576033
13522570377
13522570633
13522589277
13522596577
13522596700
13522596933
13522596977
13522597077
13552191700
13522597133
13522599877
13522607033
13522600733
13522619633
13522625733
13522627933
13522628677
13522631733
13522631877
13522633077
13522637033
13522637200
13522639833
13522651733
13522653933
13522655177
13522655933
13522655977
13522656033
13522650733
13522650977
13522681877
13522683133
13522683577
13522686977
13522691377
13522691677
13522692177
13522693177
13522695733
13522701677
13522706133
13522709633
13522709733
13522700133
13522700533
13522711033
13522711633
13522711977
13522712033
13522712533
13671072233
13552262300
13522713677
13522717077
13522718077
13522710533
13522725377
13522735933
13522562500
13522736533
13522738533
13522739633
13522739733
13522750133
13522765133
13522765733
13522767933
13522769733
13522771933
13522779533
13522832600
13522770933
13522782633
13522780733
13522791577
13522792033
13522792933
13522793077
13522793733
13522796300
13522796377
13522798033
13522802977
13522805633
13522806077
13522809733
13522800133
13522800377
13522811377
13522812733
13522813700
13522813933
13581562877
13522810733
13522823133
13522823877
13522826700
13522826833
13522827300
13522827377
13522827533
13522827833
13522829677
13522831577
13522837200
13522838077
13522839377
13522830300
13522830577
13522852177
13522852677
13522853700
13522853933
13522857377
13522859733
13522863177
13522866077
13522866877
13522867033
13522871833
13521783100
13522872133
13522875133
13522879733
13522901377
13522902533
13522906277
13522906533
13522907833
13522908577
13522908933
13522908977
13522909177
13522911577
13522912833
13522917533
13522917933
13522918033
13522753500
13522910733
13522923200
13522928177
13522920133
13522933677
13522935133
13522937533
13522939055
13522951933
13521793600
13522955177
13522956577
13522956733
13522956933
13522957033
13522957177
13522957833
13522957877
13522958533
13522959033
13522950133
13522950933
13522965833
13522969377
13522969833
13522960277
13522960633
13522971733
13522972633
13522972933
13522975833
13522976033
13552093800
13522976533
13522978177
13522970533
13522982977
13522983733
13522985733
13522986177
13522986533
13522980533
13522980577
13552002833
13552005133
13552005177
13552007533
13552009733
13552012133
13581635033
13552013577
13552089733
13552090277
13552113177
13552113577
13552116277
13552117677
13552117877
13552158377
13552150577
13552162077
13552165977
13552172377
13552173977
13552176177
13552176377
13552176877
13552179055
13552179177
13552170977
13552183677
13552185277
13552186077
13552187177
13552189277
13552191277
13552191377
13552193677
13552193877
13552196277
13552202633
13552207300
13552208677
13552295600
13552208977
13552209877
13552200177
13552195677
13552595700
13552211577
13552211877
13552215300
13552215377
13552216177
13552217677
13552219077
13552219177
13552219677
13552210277
13522925900
13552210977
13552221377
13552223577
13552226733
13552232577
13552232633
13552235377
13552236377
13552236977
13552239055
13552230633
13552253577
13552253977
13552263200
13552265100
13552260133
13552260533
13552270377
13552285977
13552292977
13552290177
13552290377
13552290577
13552306177
13552307933
13552311933
13552312033
13552312177
13552313733
13552313900
13552316300
13552316377
13552317033
13552317133
13552319377
13552310533
13552321277
13552321933
13552325377
13552325977
13552328977
13552329033
13552329677
13552320977
13552336577
13552330377
13552351577
13552351877
13552352733
13552357533
13552358977
13552350677
13552361277
13552361377
13552371633
13552379377
13552370533
13552370733
13552370933
13552381277
13552382677
13552383733
13552387833
13552389055
13552380533
13552391077
13552391577
13552392733
13552395300
13552398077
13552399633
13552399733
13552390877
13552390977
13552501377
13552501633
13552501877
13552502077
13552503733
13552505933
13552511677
13552512933
13552516277
13552510277
13552526377
13552532833
13552537300
13552537633
13552538077
13552539877
13552559033
13552561377
13552561533
13552562177
13552563677
13552563877
13552563977
13552565100
13552565177
13552565633
13552560377
13552560533
13552572833
13552572977
13552573077
13552573177
13552575077
13552577133
13552577933
13552579177
13552537277
13552581633
13552582077
13552582533
13552582577
13552582977
13552583733
13552586277
13552587633
13552588933
13552580633
13552580977
13552591677
13552591877
13552592733
13552593533
13552595377
13552596277
13552596733
13552597133
13552598077
13552590133
13552590677
13552602977
13552605833
13552607533
13552607577
13552600133
13552600977
13552613077
13552613733
13552618577
13552610177
13552610677
13552623077
13552623277
13552625077
13552628377
13552620277
13552620877
13552631533
13552631733
13552632977
13552630533
13581517633
13581518733
13581538933
13581539533
13581552633
13581556533
13581550633
13522758100
13693258133
13581561377
13581562677
13552538200
13581628277
13552538300
13581563577
13581563700
13581565133
13581628500
13581565933
13581568377
13581573533
13581573633
13581573900
13581575277
13581579833
13581587033
13581593633
13581596377
13581596533
13581597833
13581606533
13581608077
13581608933
13581609277
13581613877
13581619277
13581623633
13581623900
13581626577
13581628033
13581628933
13581629077
13581631033
13581631977
13581632577
13581635077
13581636733
13581637577
13581638977
13552389100
13581639633
13581630277
13581652077
13581652377
13581652677
13581653633
13522759233
13581655377
13581656133
13581659377
13581650733
13581671033
13581672533
13581675833
13522729300
13581676833
13581677033
13581679133
13581670733
13581670833
13581682077
13581683277
13581685377
13581685733
13581802533
13581805977
13522879577
13581822377
13581823977
13581831933
13581851077
13581851377
13581852933
13581853077
13581856033
13581856177
13581856577
13581857133
13581859077
13581859377
13581862033
13581867933
13581860733
13581871933
13581872533
13581873077
13581879133
13581879533
13581893077
13581895733
13581902733
13581907833
13581908077
13581912633
13581912677
13581912933
13581916133
13581917033
13581917133
13581917833
13581965633
13581967833
13581973177
13581975377
13581976033
13581976377
13581977033
13581977133
13581977833
13581981677
13693029377
13693079733
13693101377
13693106577
13693151677
13693156077
13693156377
13693150177
13693161377
13693175077
13693186533
13693203077
13693207133
13693207533
13693207833
13693221077
13693230377
13693251577
13693253077
13693263077
13693263277
13693280177
13693305377
13693501733
13693503177
13693506377
13693513077
13693521277
13693562177
13693565277
13693565377
13693565933
13693569077
13693569733
13693560133
13693579733
13693581077
13693581377
13693581733
13693586177
13693586933
13693589277
13693580733
13693591577
13693592577
13693595077
13693595277
13693598733
13693590577
13693601733
13693607033
13693612533
13693613577
13693615933
13693617933
13693610533
13693623177
13693623877
13693626533
13693627833
13693659733
13693650277
13693650577
13693650633
13693671833
13693675133
13693682077
13693680277